100
4 3 12
3 2 1
1 5 2
8 1 1
3 2 30
1 2 27
3 2 1
4 1 11
2 1 2
4 1 5
8 2 2
5 10 5000
14 27 31
27 11 44
30 8 20
2000 4000 3
16 5 623
171 5 1
173 5 1
175 4 120
294 110 2
76 4 32
113 14 32
488 5 19
139 11 2
479 3 2
517 3 47
560 130 1
699 5 10
151 4 55
764 55 55
953 4 2
9 90 2600
1675 25 5
1680 90 325
2145 20 5
2095 65 170
2500 60 15
1465 75 25
1670 35 5
2560 85 40
11 153 4320
18 162 144
81 81 117
189 108 549
279 243 162
1683 54 81
882 81 999
3276 18 18
3303 153 216
4095 18 54
4194 153 126
3 440 1080
185 315 90
165 320 20
10 21 475
1 21 11
52 13 30
50 18 37
83 26 3
150 12 2
170 20 11
50 19 56
511 7 53
409 67 9
14 7 53
6 4 2
4 1 4
12 4 2
7 8 1
11 9 2
25 6 4
29 4 4
33 7 4
38 4 1
28 3 2
44 7 1
40 6 3
46 2 3
12 21 609
16 12 17
33 9 125
67 28 66
248 19 16
52 50 2
310 14 13
354 17 59
222 20 1
424 21 11
242 22 9
571 10 1
6 13 3431
7 14 35
121 7 1
128 9 10
140 10 145
281 314 8
16 4 1454
2 5 1
2 1 200
109 46 84
130 33 1
363 3 1
364 2 1
366 2 2
368 3 105
491 2 3
323 28 3
198 4 22
552 3 1
553 4 100
651 180 52
523 4 3
5 27 69
7 27 15
9 19 5
11 29 5
49 19 11
14 10 589
6 9 13
16 34 2
63 3 63
160 10 4
164 4 7
173 4 3
140 9 1
4 3 26
455 4 1
457 3 8
172 1 29
581 8 6
540 8 1
13 4 519
6 3 2
9 3 1
2 1 2
85 4 1
87 2 154
239 26 119
403 4 12
281 5 1
417 3 2
31 2 88
513 3 1
515 4 4
10 88 686
110 6 2
26 134 68
232 80 54
126 42 2
240 58 20
230 132 16
262 28 2
432 64 12
240 34 18
4 86 263
11 83 59
27 63 16
89 66 25
13 220 1040
120 140 40
160 120 40
340 120 40
380 120 60
240 260 40
360 20 20
580 80 20
640 120 20
460 240 20
540 200 20
840 140 40
600 40 80
6 82 4498
26 79 56
60 92 1
54 25 1
130 25 33
134 100 61
7 13 303
85 2 3
88 2 242
288 30 141
375 104 1
584 3 5
517 12 10
12 35 4292
147 5 8
155 30 10
54 16 4
23 17 2
354 24 41
492 22 48
430 94 9
710 28 12
730 5 20
902 31 9
825 18 21
14 21 710
13 14 1
16 3 43
39 163 1
198 16 6
229 19 102
344 16 103
457 20 3
466 11 11
478 5 2
488 11 7
333 4 2
20 20 104
694 20 16
12 30 2316
24 21 6
27 15 9
15 3 165
210 402 42
819 9 81
1038 21 33
1191 12 246
1437 24 57
561 309 126
936 192 177
264 60 12
15 9 644
29 4 1
15 8 1
33 3 87
295 2 3
291 6 1
327 5 2
245 6 65
417 3 1
233 16 12
143 95 1
434 7 4
531 4 1
532 2 82
639 3 5
14 25 180
22 20 2
42 21 3
36 26 1
31 17 5
53 35 11
102 12 1
83 24 5
112 9 2
128 9 1
27 17 5
89 25 4
145 24 1
154 17 11
16 29 762
10 22 64
55 56 3
92 54 16
195 21 6
140 29 22
278 20 28
323 25 23
474 3 6
310 30 22
224 24 1
532 16 1
353 15 13
441 23 4
442 47 444
771 76 11
5 26 655
24 26 3
22 17 5
25 25 195
639 3 16
3 116 1952
8 113 282
683 5 50
11 37 260
34 21 22
57 4 20
67 23 15
109 10 19
134 30 12
150 33 3
128 43 10
183 11 2
119 24 30
104 41 1
8 17 315
74 4 5
80 6 2
83 3 148
239 11 53
293 4 55
155 61 4
75 8 4
4 113 3882
105 60 210
238 367 11
634 64 96
7 9 290
2 8 26
25 135 79
257 3 5
262 3 8
270 2 6
277 4 2
16 18 1027
12 10 8
28 2 40
53 35 3
40 6 2
79 1 5
74 6 5
115 14 5
132 3 395
526 284 4
556 13 46
626 44 15
905 18 5
103 3 5
916 4 9
800 108 11
16 26 853
8 20 14
18 81 3
23 9 4
107 17 11
139 24 14
141 18 3
180 22 6
192 7 14
44 34 9
239 14 23
234 4 4
33 8 466
442 277 12
1015 14 4
354 19 16
13 10 1870
2 12 2
2 2 168
346 6 2
348 8 8
204 8 4
360 10 700
1198 4 108
1402 8 2
1246 8 6
308 8 46
638 408 2
196 8 2
7 38 594
8 39 3
4 337 5
270 27 56
273 103 21
503 37 15
383 36 30
10 3 17
2 2 1
1 3 1
5 3 1
2 1 1
8 3 2
3 1 2
12 2 1
10 4 1
14 2 1
4 100 950
48 82 455
263 170 61
719 60 53
15 34 255
27 15 4
33 34 12
54 24 5
61 31 4
40 38 15
106 20 15
103 26 17
64 32 12
101 7 4
55 47 7
228 10 1
204 12 2
62 20 2
251 8 4
14 22 835
33 3 77
244 10 102
355 18 2
248 13 8
382 11 11
385 188 2
575 10 38
636 2 6
147 15 11
466 17 5
436 16 2
671 10 110
824 14 11
13 17 556
5 15 4
17 7 27
31 82 1
125 2 2
97 10 31
72 36 4
189 16 1
30 25 5
186 8 1
211 16 202
375 31 7
447 10 11
13 5 700
4 3 1
5 4 21
108 2 3
62 45 31
181 82 220
486 3 22
575 5 3
239 5 19
687 4 2
263 2 2
579 6 3
697 3 3
10 25 749
17 14 163
179 103 9
291 16 11
331 7 5
348 15 92
55 36 58
213 142 3
260 24 16
112 78 13
11 28 2152
25 5 14
241 2 38
419 20 74
315 170 3
656 54 7
360 12 3
743 3 6
55 18 5
767 22 13
196 31 28
5 23 397
154 5 5
164 13 2
167 4 33
391 15 6
9 30 625
66 5 13
35 26 10
71 28 99
106 42 3
239 12 62
273 350 4
398 15 6
452 21 3
6 25 478
50 2 181
224 159 8
269 18 6
401 17 8
264 23 21
2 438 1323
285 396 78
16 4 1118
11 3 12
22 16 1
39 4 4
64 4 1
26 4 1
31 4 131
86 54 8
256 3 1
257 3 8
286 4 1
55 1 5
380 2 6
106 12 3
109 3 1
213 2 3
15 4 745
60 2 2
62 4 38
96 70 2
168 2 13
240 4 1
38 3 1
243 4 8
178 72 2
324 2 1
94 4 61
443 3 3
294 4 239
103 58 1
743 2 2
2 91 4395
162 4 3
8 10 53
5 10 6
4 4 2
6 12 7
27 9 2
10 5 6
36 5 2
43 5 9
4 45 585
105 4 326
264 140 18
339 28 22
15 12 711
2 13 1
8 5 1
11 10 10
22 5 41
98 3 1
107 4 97
201 166 61
296 10 2
92 10 1
445 9 36
469 80 6
536 3 7
568 9 56
329 95 2
16 23 174
5 19 5
14 18 1
16 19 8
38 10 17
57 9 1
20 19 1
66 22 2
49 12 4
39 25 1
19 4 4
54 11 1
99 5 1
80 35 11
135 23 4
59 29 4
16 8 849
64 2 1
65 7 19
90 8 2
92 3 2
94 5 74
164 188 2
183 1 4
323 9 1
360 3 1
362 3 3
369 6 344
486 20 1
227 83 1
810 4 38
848 4 1
9 18 97
11 14 7
20 11 8
35 6 4
39 6 1
52 2 1
69 5 1
77 10 2
82 7 15
9 18 510
15 15 2
10 4 4
13 9 102
142 3 41
195 17 46
386 13 101
124 14 3
363 11 15
11 15 805
29 3 2
32 15 89
177 13 10
189 4 185
221 8 40
409 75 19
130 13 1
300 20 3
197 21 252
795 2 10
9 13 517
32 3 1
34 11 3
32 9 52
228 3 24
295 3 10
307 9 93
463 8 10
512 13 5
5 28 1671
82 3 8
94 22 26
37 12 95
243 11 15
11 8 469
5 9 6
7 59 62
40 3 3
135 3 1
130 2 4
140 8 1
36 7 189
361 3 5
368 8 58
468 5 1
4 76 4658
274 5 42
394 64 24
421 37 24
15 124 3556
12 120 24
8 72 360
400 104 40
872 60 88
1076 36 36
116 72 100
1284 28 20
816 64 4
1172 40 8
1340 64 608
2700 52 120
2820 108 188
3052 68 268
3544 20 12
5 36 730
25 24 1
20 6 1
27 9 607
627 66 9
16 8 915
4 5 1
2 5 196
234 7 18
258 8 3
262 3 18
78 40 94
436 3 21
218 9 15
487 7 1
490 7 64
642 4 2
230 5 30
768 2 5
162 19 80
498 52 1
5 5 896
2 4 2
3 2 1
7 3 816
132 69 5
7 11 284
2 12 7
8 83 3
95 5 108
130 70 2
14 13 1
275 8 9
16 266 2052
152 152 38
190 228 114
76 266 38
380 76 38
456 76 114
152 152 114
836 190 76
1026 228 38
190 38 76
418 38 114
1254 228 76
114 114 38
1558 190 152
1216 266 228
1976 76 38
15 18 3811
13 18 7
55 5 6
64 18 112
187 6 1
191 14 14
27 3 11
62 4 116
345 17 1
98 18 9
433 5 126
361 27 7
586 14 3
590 16 11
607 15 12
13 9 72
5 9 6
13 2 3
10 8 2
20 8 3
10 6 1
29 3 3
32 3 3
26 5 5
43 8 6
42 7 1
50 9 2
9 5 9
6 62 1136
120 3 14
158 62 19
97 45 775
982 20 56
1066 26 52
16 33 787
120 5 23
68 27 242
359 19 1
399 9 2
401 2 30
432 4 3
453 3 238
696 17 11
476 22 3
898 6 145
1059 23 3
399 24 11
142 84 1
642 34 2
1155 4 12
10 30 165
10 25 5
20 10 15
40 20 15
40 15 15
40 40 15
95 25 5
50 20 5
90 15 5
125 15 30
11 10 762
80 4 1
87 2 5
41 3 189
215 56 5
334 10 5
342 10 29
365 275 82
745 6 5
753 5 1
754 7 8
3 55 3379
40 43 21
18 61 53
9 21 620
14 19 3
11 7 19
22 3 44
70 414 4
289 17 88
35 10 8
597 18 9
457 15 13
7 53 3964
30 29 129
204 18 8
177 247 8
363 41 26
481 20 312
795 5 43
3 51 52
10 48 4
17 19 23
6 16 509
11 17 5
8 12 3
26 12 115
492 3 7
275 14 10
14 22 715
14 22 1
20 7 44
122 22 6
62 23 36
217 20 46
306 21 67
291 65 44
281 27 2
381 25 8
380 5 1
31 20 89
649 9 13
704 20 11
3 45 1306
753 3 29
783 20 34
13 35 1083
5 31 2
7 29 20
35 13 14
63 20 35
96 371 6
476 7 9
586 5 31
689 2 47
514 68 30
828 28 120
967 13 4
238 102 29
9 36 688
36 3 8
19 3 11
27 13 117
226 21 3
246 36 126
348 228 14
107 43 33
679 4 9
8 27 386
8 27 11
4 4 9
25 17 5
49 27 5
58 16 132
362 9 17
357 24 5
9 196 3052
91 126 7
28 21 105
266 98 1127
2471 154 105
2772 133 14
2793 126 35
1561 91 126
357 133 35
9 26 633
10 19 116
138 12 74
209 158 9
376 21 2
208 17 5
384 22 208
279 23 3
394 15 14
14 24 655
74 2 1
75 11 1
76 3 91
150 51 10
214 6 7
237 20 5
247 2 50
152 15 3
313 22 44
552 20 4
563 8 17
60 51 4
192 10 23
6 40 933
5 39 48
73 32 30
68 35 32
135 33 578
474 215 29
7 82 789
95 1 11
154 60 232
336 284 16
352 102 32
722 73 12
239 71 53
13 19 591
6 18 5
33 16 1
25 13 26
211 13 74
299 12 4
309 3 75
411 8 25
148 30 3
445 49 1
236 19 1
504 5 3
508 8 13
16 36 1246
28 28 4
32 4 2
34 20 24
38 30 26
112 12 8
86 184 14
296 18 22
52 30 66
560 18 10
590 14 8
598 30 12
612 16 198
1158 34 4
218 46 32
1222 30 22
12 26 142
16 25 11
31 2 12
17 11 1
6 5 2
28 25 2
69 17 3
36 13 18
48 26 2
108 21 2
38 24 1
38 26 3
16 6 475
53 4 2
16 4 1
37 1 2
60 3 2
62 3 105
123 41 37
246 5 3
19 5 74
328 6 1
344 3 11
357 2 56
413 5 1
414 2 2
416 4 3
470 3 5
5 55 262
36 38 20
17 111 36
191 15 1
233 39 29
6 6 25
3 4 1
5 2 1
7 4 5
12 3 3
5 5 3
5 27 499
25 3 36
45 256 68
223 132 2
233 26 6
5 256 3744
504 24 96
240 112 1960
3304 48 168
3520 120 224
13 33 228
13 29 9
41 3 2
14 29 7
37 28 2
44 31 5
85 20 7
98 25 15
34 16 25
143 8 3
150 26 20
122 13 3
180 9 21
