100

4 3 12
3 2 1
1 5 2
8 1 1

3 2 30
1 2 27
3 2 1

4 1 11
2 1 2
4 1 5
8 2 2

5 10 5000
14 27 31
27 11 44
30 8 20
2000 4000 3

7 25 4894
20 25 60
24 23 7
86 8 7
111 23 1
117 13 2
119 3 12

12 135 4010
105 135 290
500 70 470
795 165 1165
2530 135 35
655 25 45
885 105 55
2775 40 105
2865 795 20
3740 110 90
1765 75 40
3920 120 90
2 2058 1722
840 1652 224
11 28 516
68 5 11
55 30 46
83 32 6
33 20 151
331 5 53
101 8 32
449 11 4
459 13 14
103 8 1
76 27 14
11 42 369
115 2 4
138 18 110
523 20 7
53 15 10
550 40 4
355 53 8
577 16 5
599 33 6
112 30 10
508 9 35
16 62 2026
8 56 30
6 34 30
70 62 152
536 26 138
692 60 8
716 30 2
718 48 10
348 52 2
780 18 16
818 24 10
836 10 20
856 52 696
1830 54 86
1612 32 26
1968 60 58
12 38 1106
253 2 4
275 10 77
320 119 131
660 17 1
669 28 116
785 21 6
801 3 2
633 34 51
620 14 2
889 14 36
222 19 13
13 26 148
24 26 1
25 19 2
27 9 10
23 18 7
51 24 5
41 30 8
57 22 2
60 25 13
100 21 12
102 13 1
101 9 5
127 15 20
10 16 486
6 17 55
97 12 5
106 16 18
132 3 43
141 25 5
183 15 41
419 6 9
428 4 32
227 23 6
9 10 40
5 10 3
10 9 2
2 11 1
5 12 5
24 9 1
25 5 1
27 6 4
32 6 6
12 23 208
21 22 8
8 23 13
46 13 3
41 22 14
82 18 4
55 12 13
111 12 8
111 22 2
23 8 9
132 19 18
29 20 20
13 8 354
52 5 13
57 60 1
25 9 15
169 4 22
211 8 1
110 2 24
328 2 1
333 6 2
336 7 2
140 5 5
345 6 1
325 9 2
6 14 212
13 2 18
36 2 61
98 12 64
112 38 2
150 12 14
3 23 592
9 16 112
574 6 18
15 4 838
2 3 63
198 2 16
215 3 1
62 5 2
219 3 18
428 4 1
431 4 1
15 3 38
425 44 2
516 3 1
517 2 86
373 228 1
312 2 2
832 3 2
14 26 682
130 3 4
134 22 20
48 3 57
315 4 3
34 29 16
317 69 12
399 7 6
416 18 30
576 2 9
307 20 15
498 15 18
626 7 19
645 7 4
8 31 719
54 5 2
56 30 4
31 41 17
60 40 42
448 13 3
452 18 39
269 216 18
12 12 782
1 12 62
240 10 65
325 6 43
150 8 2
211 11 265
133 22 8
687 6 4
693 12 9
63 10 2
423 6 2
570 18 8
4 55 2526
192 4 21
426 20 220
605 349 54
13 3 1051
2 2 196
202 3 86
285 28 9
325 3 1
326 3 1
138 1 185
529 3 1
115 6 15
609 3 162
777 3 1
789 3 10
1048 2 3
13 16 828
3 14 7
17 5 2
12 4 219
334 5 1
336 5 1
75 12 46
474 2 3
562 6 14
618 7 4
626 10 75
158 77 9
821 15 7
14 13 101
4 10 5
1 9 3
7 9 8
14 11 6
32 9 7
44 11 3
44 4 3
20 9 5
28 7 2
72 12 5
83 9 1
53 8 3
88 13 13
14 72 2462
40 64 16
4 70 20
124 32 754
944 66 58
1002 46 26
1056 40 420
662 394 4
1872 32 48
1920 32 26
2052 32 26
696 146 6
2162 36 14
604 66 72
5 72 211
42 42 24
99 28 14
65 34 38
176 2 18
4 93 392
33 89 1
67 85 10
34 61 48
14 26 4947
153 2 1
76 13 1
131 24 54
296 14 53
375 26 3
15 11 2
129 9 4
271 23 1
388 3 150
137 57 55
369 30 10
299 24 9
704 26 22
14 3 775
2 4 1
1 3 89
156 3 2
7 1 63
121 49 1
269 2 7
326 2 110
520 2 1
61 1 1
523 3 117
680 2 1
73 2 20
323 75 2
8 36 993
2 35 161
152 79 1
209 16 10
254 17 12
274 26 21
92 23 423
384 104 30
16 16 572
13 4 5
18 9 2
10 5 1
27 6 1
22 8 2
12 6 1
14 4 47
305 7 15
141 12 2
323 6 20
339 106 2
449 10 38
492 11 41
91 31 10
570 10 2
2 60 2995
40 38 46
13 13 719
3 13 1
3 2 183
246 3 8
254 13 9
264 12 53
420 10 38
352 31 2
219 43 7
558 2 42
97 71 5
305 9 33
61 4 10
16 14 1059
10 12 11
29 12 8
18 12 35
68 280 2
351 11 11
362 9 30
388 212 39
230 34 14
676 150 2
798 5 4
106 5 3
840 4 10
1039 10 1
679 11 1
414 14 1
13 24 862
32 2 7
45 21 12
59 23 1
29 11 97
154 328 12
272 12 4
561 16 194
569 57 9
819 2 1
744 3 9
36 21 12
720 26 12
5 185 4620
50 170 2690
3245 155 550
4480 105 20
1680 195 15
9 11 683
5 9 268
266 189 2
340 9 143
149 6 4
260 29 3
650 5 1
402 2 8
382 9 6
16 22 3075
8 20 87
132 22 2
49 13 113
111 22 43
378 3 10
396 4 40
451 9 2
199 17 4
466 3 117
351 71 1
449 28 38
710 5 3
715 2 3
725 11 6
265 33 2
11 24 128
9 24 4
2 17 10
7 31 9
12 6 2
16 7 7
36 25 7
72 8 7
56 27 10
105 10 5
115 5 1
16 16 469
11 13 2
13 12 33
35 12 3
36 24 23
100 2 4
48 12 13
105 78 1
169 4 5
60 11 1
25 6 114
327 2 32
258 13 36
404 16 1
308 11 3
410 14 5
4 46 872
328 3 1
286 15 214
554 39 32
15 17 281
68 4 7
31 15 33
79 13 3
127 9 18
150 16 2
155 9 3
38 3 13
69 49 1
217 17 5
223 15 4
8 7 8
244 9 11
181 19 7
264 13 17
5 23 832
175 4 3
160 23 105
825 19 1
343 11 5
13 12 374
39 2 1
26 7 2
24 8 7
34 7 5
48 12 45
99 47 3
83 31 109
338 7 3
347 12 3
114 10 1
273 15 2
371 2 3
15 6 1000
53 2 1
43 6 1
35 6 224
445 3 35
484 2 1
131 5 5
36 5 59
234 155 10
714 3 22
168 94 2
830 6 2
72 5 1
833 3 156
682 9 3
12 8 1793
6 8 2
9 5 1
11 2 201
211 289 27
640 7 1
50 8 4
292 16 2
664 4 6
671 7 24
752 4 1
755 3 2
13 12 655
7 7 50
54 64 66
95 39 1
34 9 2
109 9 88
126 9 31
389 5 2
391 11 60
90 20 29
513 6 3
520 11 10
407 120 8
14 19 874
51 5 2
25 18 58
128 6 1
136 12 43
183 8 255
454 4 11
466 12 3
46 10 4
488 5 164
668 11 5
496 4 5
626 11 2
692 2 16
9 5 593
1 5 1
3 3 64
66 256 2
324 4 37
356 227 3
586 2 1
305 3 1
589 3 3
3 56 4762
24 50 2
35 12 9
14 9 636
8 3 60
59 66 1
127 7 1
78 11 54
219 4 21
232 17 2
251 8 8
75 13 1
194 3 3
317 4 2
320 3 165
146 111 17
581 24 7
4 8 41
6 3 1
6 5 5
16 5 6
9 34 534
212 2 134
334 87 10
437 10 9
72 49 180
641 238 22
903 22 32
88 48 18
982 33 22
10 47 975
35 38 15
24 22 92
317 14 102
88 19 4
363 27 4
145 22 29
618 35 95
702 250 15
970 40 5
9 9 860
109 2 7
60 1 20
87 46 1
181 6 1
38 8 213
826 2 14
615 16 4
167 4 1
15 21 147
19 18 1
30 19 2
38 3 10
34 16 6
15 10 1
79 12 1
20 15 6
45 6 2
101 14 13
114 20 7
85 19 3
60 10 1
133 19 2
89 27 4
13 17 670
19 3 7
28 16 3
31 14 2
33 7 5
33 6 199
441 2 54
349 3 7
391 19 2
509 9 1
510 4 128
123 102 1
742 7 8
8 34 1049
2 35 8
8 5 125
149 29 14
166 31 32
176 433 3
161 20 252
1023 2 26
7 46 579
27 39 107
175 7 29
101 57 1
73 50 56
525 4 3
561 32 18
5 25 511
10 20 2
12 13 235
223 233 46
95 24 8
9 68 1216
264 3 31
460 32 16
62 46 15
467 129 103
157 71 14
749 24 151
985 11 152
1179 2 37
16 5 1041
2 6 188
283 3 1
66 3 2
139 4 2
289 2 34
566 4 1
148 4 66
653 4 34
737 4 3
125 5 1
640 6 2
328 4 1
745 2 196
128 101 1
402 1 3
7 36 2916
45 15 3
51 33 6
33 24 21
84 12 2139
2631 36 132
2904 6 12
5 26 73
5 24 5
1 18 14
44 25 25
14 5 2
6 72 1044
21 66 249
219 171 6
267 90 3
114 39 462
729 165 27
16 13 4470
25 1 3
18 13 4
40 8 28
34 16 26
125 2 1
129 11 3
147 13 17
187 7 1
197 10 1
114 9 113
15 14 13
383 4 30
106 38 1
166 7 76
111 11 12
15 10 891
141 2 9
150 8 2
153 7 3
157 8 7
88 4 6
171 7 3
68 6 3
90 10 3
186 6 8
171 1 2
201 7 2
203 6 483
879 2 9
599 10 2
16 50 400
10 60 40
50 40 10
50 20 10
80 40 20
110 20 10
120 40 20
100 60 10
90 10 10
70 40 20
220 30 10
260 20 10
270 40 30
310 50 10
140 30 30
150 50 50
4 89 129
61 78 2
69 48 13
37 12 9
8 168 4032
1048 20 24
1172 40 24
636 152 128
2340 60 20
2488 108 76
2664 116 376
3944 100 88
11 32 1708
26 8 90
84 490 58
700 22 14
744 4 22
774 12 2
778 26 190
202 188 28
1232 32 2
1236 6 138
1022 332 22
14 176 1001
11 176 99
154 121 55
88 77 11
253 110 99
264 55 77
176 99 33
506 176 66
220 121 44
737 88 22
352 11 22
407 110 11
517 176 33
704 99 88
16 90 3234
66 66 204
414 60 24
438 18 522
888 180 12
1080 72 18
1098 72 12
1152 30 270
1344 846 66
2256 66 18
612 18 6
2292 48 1566
4068 84 108
4176 24 18
4194 42 144
1098 534 36
6 50 2337
643 2 2
645 10 4
134 35 85
534 195 28
1004 15 42
5 15 543
260 4 2
114 16 1
212 9 204
124 12 11
7 58 258
12 47 26
10 35 16
86 18 39
74 53 3
136 5 26
184 57 50
8 13 591
269 2 3
180 12 3
190 9 21
298 243 6
551 13 1
240 23 1
563 2 10
7 410 4290
1810 20 70
1140 190 530
3060 270 100
3320 130 30
3840 360 100
4060 370 230
6 20 75
14 21 1
13 14 1
8 20 7
41 9 10
12 10 14
16 16 4118
19 4 50
38 24 12
47 9 14
56 10 52
209 10 4
16 9 65
218 30 1
317 13 31
459 15 25
487 12 4
495 14 2
497 16 15
131 31 28
448 10 7
603 10 6
8 33 3175
19 26 2
26 20 243
315 22 9
345 4 9
226 19 5
364 4 224
671 5 29
12 19 2549
9 12 6
24 7 1
11 7 13
9 3 7
54 8 1
30 13 172
217 82 2
238 22 6
106 7 121
451 3 85
604 6 12
3 139 154
23 128 24
17 58 133
2 168 232
52 128 58
13 9 2049
6 6 54
186 9 48
297 6 3
51 9 39
228 18 3
165 6 3
363 6 1152
645 96 15
1620 9 6
1626 9 351
2040 9 3
2046 6 3
15 15 756
8 15 3
10 2 6
15 77 22
191 2 24
219 14 5
226 10 24
244 299 11
302 19 20
594 3 90
719 5 3
158 25 2
735 4 5
267 17 3
361 2 9
8 44 542
90 2 15
97 165 29
24 3 26
82 48 247
651 5 4
676 18 5
509 39 20
7 45 877
81 5 31
26 17 10
138 26 4
176 31 49
63 46 13
265 14 9
10 140 3185
45 125 185
280 70 40
620 110 115
640 1005 35
1725 140 60
1830 45 10
270 105 100
2480 135 505
2235 310 20
9 23 1246
3 22 194
387 11 60
482 12 134
696 21 109
456 23 99
952 6 10
972 19 168
448 113 7
8 10 879
7 6 7
9 6 2
20 2 679
553 143 3
153 22 3
862 9 3
869 3 10
16 20 352
116 3 5
117 12 5
51 21 1
140 19 15
39 15 66
253 7 24
299 7 5
179 17 2
139 59 12
421 13 1
314 9 61
578 16 2
342 25 4
604 5 5
611 11 15
15 11 638
10 2 4
15 11 23
146 5 8
160 2 1
169 11 7
179 10 7
187 2 1
81 12 5
88 9 3
198 261 10
458 158 5
625 6 1
626 2 1
628 11 10
4 128 1638
220 8 174
274 312 18
710 114 12
12 44 210
3 44 10
38 38 20
61 42 1
68 31 9
103 17 3
68 43 9
34 15 6
133 38 26
115 44 2
146 16 1
163 43 10
15 21 797
20 6 2
30 2 1
46 9 3
56 14 87
123 178 7
168 18 3
298 30 57
416 15 3
419 16 4
423 20 16
438 166 64
289 30 59
442 70 2
794 9 3
10 7 685
6 7 187
64 62 4
109 5 3
98 8 12
268 234 2
466 2 25
658 2 12
356 3 3
677 6 6
7 72 4090
47 47 44
98 58 14
48 93 2
198 36 586
341 202 21
954 37 61

