100

4 3 12
3 2 1
1 5 2
8 1 1

3 2 30
1 2 27
3 2 1
4 1 11
2 1 2
4 1 5
8 2 2
5 10 5000
14 27 31
27 11 44
30 8 20
2000 4000 3
7 19 403
121 4 75
23 17 1
356 14 2
358 10 14
372 4 17
389 14 14
3 60 90
53 30 12
76 34 11
16 7 943
10 2 1
11 7 1
6 9 130
225 7 3
231 3 24
67 26 1
276 2 2
278 6 1
279 5 33
737 5 2
356 6 1
381 6 146
681 50 2
27 10 3
84 6 1
16 27 2772
237 12 3
144 24 42
318 18 3
477 15 9
375 9 81
375 57 3
303 18 87
786 27 15
822 24 3
666 9 234
1179 21 324
1572 12 12
1596 24 15
873 6 585
1617 576 3
7 37 423
36 29 1
177 14 89
42 14 15
198 47 1
313 10 19
62 27 26
13 26 748
23 12 1
24 22 1
12 7 1
16 11 98
183 16 8
247 7 6
253 3 86
514 11 4
174 17 2
535 3 105
732 10 1
292 26 14
11 35 4285
25 20 520
1790 25 5
1800 10 10
2605 30 65
2670 25 150
1225 40 25
2850 25 5
2720 5 10
1170 15 280
3125 1150 10
13 11 720
6 11 79
83 124 87
101 19 4
314 7 93
417 7 6
613 5 1
81 2 4
61 9 1
159 75 5
702 10 1
705 6 3
711 2 9
6 39 677
14 36 359
402 38 19
439 37 14
366 48 14
446 26 28
5 31 632
27 23 402
234 168 5
195 50 3
610 8 22
13 5 712
1 6 88
118 4 102
100 59 4
315 3 3
184 7 1
326 3 2
328 4 2
16 5 24
354 229 1
585 2 11
707 3 2
709 2 3
3 111 453
46 73 50
51 324 78
7 13 489
22 2 2
27 8 37
84 13 2
69 9 214
419 2 2
420 65 4
5 37 583
21 30 35
460 33 63
544 27 20
155 18 14
11 54 389
39 50 10
78 11 28
64 33 2
107 65 24
100 35 8
95 48 11
115 36 20
108 64 23
345 37 1
349 34 40
15 130 1280
70 130 30
90 90 90
280 50 10
360 80 30
320 140 20
520 80 100
240 50 80
730 90 20
270 110 60
890 70 10
720 20 20
940 130 10
840 190 10
450 30 120
12 23 455
30 2 7
37 20 16
83 4 7
101 3 13
118 9 141
228 12 46
313 2 2
197 33 17
148 11 2
74 20 13
23 8 1
11 10 927
6 9 80
261 4 66
361 7 83
100 57 2
501 2 38
310 17 14
500 58 17
241 55 104
137 22 69
506 59 8
7 29 693
197 1 1
198 10 1
208 13 5
96 25 268
940 4 3
947 15 9
6 55 223
1 56 26
12 42 5
35 46 38
134 16 10
94 54 53
8 22 51
12 11 1
16 15 8
25 11 1
30 15 1
31 2 2
20 30 4
40 14 1
3 196 4589
153 78 375
493 153 185
4 123 1122
116 121 194
667 96 305
1067 65 17
3 272 1616
1456 20 12
760 236 12
16 72 1770
420 30 36
492 30 48
462 30 60
546 384 12
942 72 42
990 24 12
846 42 438
1800 66 24
1824 24 162
2082 54 42
1224 54 42
1674 30 228
2832 24 18
2694 84 18
2898 42 24
4 51 2634
6 54 540
498 762 84
1575 18 33
5 17 914
27 5 7
39 17 2
41 8 205
909 14 5
15 22 134
9 15 15
25 19 3
30 10 2
32 11 1
33 20 1
15 24 1
18 30 3
32 20 4
58 6 3
47 32 3
78 16 3
57 23 14
123 12 3
58 23 2
16 11 1257
24 5 2
26 5 78
120 6 2
110 3 1
116 21 3
86 16 1
158 2 18
232 10 5
238 9 66
376 3 5
51 41 74
253 115 2
600 9 1
601 5 17
420 39 5
16 116 956
56 116 12
16 80 12
4 144 32
244 16 36
132 52 64
168 108 20
332 160 4
180 120 8
404 88 4
620 112 20
648 88 16
680 56 4
552 72 20
716 44 64
784 84 92
9 15 629
1 16 2
2 1 166
85 77 9
263 5 1
56 8 1
102 4 22
280 270 75
626 5 3
14 21 521
1 22 21
181 15 92
278 21 1
183 25 10
231 10 11
273 11 8
476 7 71
295 39 3
584 10 6
600 11 3
605 15 2
657 13 3
111 9 12
7 42 3542
15 29 14
36 21 74
128 4 33
310 8 22
242 15 1
334 7 6
9 14 618
16 2 132
148 13 5
118 13 53
215 13 13
376 6 1
363 5 159
226 14 6
608 4 10
10 112 4872
336 32 224
760 96 744
1976 48 8
1992 64 144
2368 32 296
520 512 872
2792 96 384
1480 480 8
4848 96 24
6 33 115
20 17 26
48 30 9
27 8 6
73 30 1
75 13 9
9 18 976
11 10 3
71 12 3
78 17 127
383 8 3
389 11 120
325 178 1
107 21 69
552 208 8
6 78 1183
22 62 75
126 12 1
165 68 15
193 73 365
501 634 48
13 25 718
7 22 22
7 55 46
91 76 2
93 23 31
228 3 4
249 11 46
7 4 15
294 78 3
108 4 18
206 8 188
595 4 3
257 5 17
10 17 105
14 8 2
1 22 10
26 4 4
39 7 1
42 5 1
31 23 4
45 17 4
35 1 3
39 15 15
2 158 1979
501 3 26
6 19 286
228 5 6
80 23 2
188 23 2
259 14 4
222 7 17
5 48 4915
37 31 5
35 43 70
309 39 44
525 36 44
15 38 321
1 39 15
5 16 7
28 7 2
10 30 6
68 22 19
53 49 3
105 22 17
97 39 36
173 7 5
55 11 24
214 13 1
174 14 7
246 35 27
157 40 11
2 2489 4465
874 2052 2166
12 208 4069
130 182 1040
2288 169 13
2353 117 52
2509 65 13
1677 117 182
2795 143 65
2938 117 91
1157 130 39
3211 26 39
3250 182 65
715 247 169
4 144 737
15 136 28
55 131 539
885 121 26
4 50 638
6 46 224
187 137 127
226 43 3
12 19 740
62 5 3
45 13 1
130 14 68
182 46 3
94 20 45
279 2 153
416 55 2
477 18 16
123 3 56
460 29 95
713 18 14
16 5 3661
2 6 1
4 5 112
185 5 1
166 3 70
174 78 88
426 4 2
429 2 1
377 1 68
513 5 3
477 5 3
520 4 1
522 3 4
88 1 56
49 14 1
604 4 2
11 248 4464
16 240 16
16 16 80
112 16 152
984 120 40
1064 56 48
608 136 744
2984 96 32
3088 72 24
960 240 136
3296 248 200
12 140 4980
100 80 320
350 370 910
1840 80 300
1500 170 70
2250 110 550
3200 70 100
3310 120 20
3330 130 570
4740 120 10
4760 50 160
2360 40 60
14 25 2170
14 19 2
10 6 1
17 7 2
7 3 36
48 285 3
345 17 3
352 2 25
289 38 8
420 15 1
90 4 169
705 15 19
184 4 30
199 136 18
8 65 225
24 54 4
30 18 34
69 11 19
111 8 55
158 10 3
178 32 1
180 38 19
15 7 69
6 3 3
11 6 6
7 5 2
22 5 3
25 3 3
19 5 2
20 7 1
31 9 2
23 7 1
46 7 3
51 7 5
6 5 1
58 5 2
36 7 4
13 40 2036
32 26 2
32 82 90
206 8 4
440 38 44
348 8 4
488 32 228
794 20 16
814 8 22
816 28 134
964 686 18
1684 38 136
964 208 32
14 21 820
4 20 11
7 16 1
5 21 288
158 148 1
468 20 10
72 13 16
535 19 11
547 19 26
606 5 30
315 10 2
306 19 6
476 9 52
429 68 15
3 84 179
60 58 11
72 8 57
16 12 1626
8 5 55
66 2 53
142 6 14
190 11 4
117 11 89
318 7 44
259 17 2
386 4 1
40 14 1
63 4 393
905 6 71
314 30 2
1012 10 2
1015 2 1
1021 6 7
3 47 107
6 46 131
161 26 35
6 66 638
26 63 7
33 26 18
45 23 308
533 26 24
283 76 51
16 16 847
116 2 18
78 42 1
62 2 1
166 5 4
164 208 2
244 19 2
476 11 23
353 23 12
529 8 31
688 13 1
165 5 22
698 117 2
817 12 3
821 3 1
609 25 13
15 12 854
10 4 1
14 5 147
39 14 4
78 6 1
177 6 34
199 84 65
209 15 26
326 27 8
11 10 1
424 8 5
195 10 9
389 7 1
449 4 193
418 216 4
8 165 2795
95 130 50
155 60 25
260 155 1585
1820 730 5
1895 95 10
815 160 65
90 20 65
11 20 549
18 10 13
16 15 1
42 5 98
205 5 24
173 40 11
84 15 1
203 16 70
231 92 49
307 72 5
535 14 14
11 33 671
23 25 119
271 17 1
238 17 82
370 9 2
385 32 23
120 29 9
428 25 43
605 30 15
36 5 17
652 27 19
15 18 174
8 18 2
5 16 3
10 17 3
28 7 4
34 12 8
56 5 2
64 17 11
81 16 1
41 26 1
95 7 10
50 20 4
126 3 5
142 3 10
158 17 16
14 6 3640
52 2 31
201 4 1
134 4 1
104 5 1
207 5 367
570 97 1
348 4 5
615 1 182
906 3 5
346 56 2
967 5 1
969 3 4
84 2 6
9 10 1022
21 4 10
22 160 13
273 9 2
281 3 49
398 4 28
358 21 1
444 6 2
23 9 7
13 108 675
81 54 27
135 81 27
216 54 27
162 135 27
324 108 27
135 54 27
378 108 27
54 54 54
324 54 27
513 108 27
432 108 81
351 27 54
2 211 1240
75 148 189
3 118 3069
26 104 732
193 152 37
3 67 395
149 5 146
284 51 51
3 41 1156
103 2 55
162 13 41
14 11 651
34 4 2
12 9 62
54 37 18
173 11 114
199 86 10
342 31 18
433 8 2
348 3 1
232 5 2
439 11 83
626 11 8
89 6 5
645 6 6
16 34 1394
11 30 75
166 31 14
183 31 34
201 39 4
140 35 1
24 23 12
17 5 3
281 30 13
296 20 1
300 7 1
307 4 19
176 30 351
806 18 22
837 25 131
671 266 19
11 12 44
4 9 1
6 12 3
3 3 4
13 6 3
6 15 1
19 3 7
14 6 1
33 8 1
34 4 1
36 4 6
2 378 3447
126 303 150
14 36 227
21 31 3
24 22 5
15 17 18
51 7 15
73 12 2
46 29 32
71 38 7
126 26 5
138 12 3
145 12 1
42 24 4
177 17 11
193 10 15
16 25 531
11 18 12
28 22 19
52 18 4
57 7 2
37 23 138
514 13 1
517 6 4
265 30 96
475 22 3
655 5 98
778 8 60
849 15 6
625 16 17
614 2 8
579 24 13
4 71 873
193 5 8
235 45 87
315 565 45
9 33 215
20 22 104
111 46 15
184 6 1
155 13 8
52 10 18
189 36 4
201 33 2
120 29 8
5 8 25
1 8 1
7 5 2
9 2 7
16 5 5
11 30 499
3 29 14
20 7 35
36 29 12
24 17 10
102 2 15
119 16 13
145 19 1
146 21 2
50 14 22
120 26 24
10 4 433
81 3 1
31 2 46
219 4 68
69 31 1
130 4 11
122 68 17
215 16 3
426 3 3
177 1 4
9 19 2377
2 18 14
6 10 6
26 4 1
27 6 7
42 5 45
543 11 11
558 2 5
84 23 17
11 43 872
29 36 87
224 41 11
239 4 11
258 14 243
554 25 7
573 42 33
507 88 98
664 78 14
523 35 2
840 25 32
16 5 836
15 5 3
18 5 146
152 9 57
246 3 3
224 2 1
251 3 1
63 8 154
591 4 1
592 2 2
744 3 58
822 4 1
823 5 1
249 4 1
360 3 3
306 5 5
8 28 676
4 25 3
1 10 8
24 20 35
144 7 17
100 34 272
638 25 15
539 9 13
4 23 2899
5 20 5
3 11 4
1 19 19
5 65 4069
53 22 5
20 132 304
577 53 95
650 206 45
9 10 496
41 5 27
60 42 1
104 7 57
164 7 19
110 33 45
262 3 25
440 6 14
493 6 3
3 672 3332
2212 42 462
4466 140 434
16 35 4180
1380 10 10
1395 30 20
1105 10 10
1040 40 5
285 45 390
2525 15 15
2540 30 5
2555 35 5
865 20 5
2575 30 5
2590 15 5
2600 15 710
4140 20 5
1825 25 5
1660 10 20
16 7 53
6 2 2
10 5 1
2 1 1
16 7 1
17 6 2
19 6 3
24 3 3
16 6 2
33 5 2
35 3 1
38 2 2
26 7 1
15 1 4
47 2 1
50 4 3
6 47 672
3 45 44
306 44 6
320 16 19
355 22 38
634 2 38
